30
0.000000,1.000000;144.877299,1162.787267;-1
0.242536,0.970143;150.412581,449.500799;-1
0.554700,0.832050;62.045117,110.818937;-1
0.832050,0.554700;576.841657,1254.849528;-1
0.970143,0.242536;36.405412,103.568718;-1
1.000000,0.000000;528.423782,1297.326930;-1
0.000000,1.000000;499.330019,2245.099175;0
0.242536,0.970143;500.784652,2442.518689;1
0.554700,0.832050;746.794420,2179.482174;2
0.832050,0.554700;508.538906,1889.902840;3
0.970143,0.242536;1148.103130,1504.863530;4
1.000000,0.000000;1069.351180,1710.108616;5
0.000000,1.000000;499.320233,2495.560195;11
0.242536,0.970143;501.227319,2488.289667;11
0.554700,0.832050;1010.203394,2176.892226;11
0.832050,0.554700;1785.787059,1557.439420;11
0.970143,0.242536;1912.732659,1056.998138;11
1.000000,0.000000;1892.432403,867.089623;11
0.289641,0.957135;500.992422,2490.220661;17
0.927768,0.373157;2121.613294,1549.464318;17
0.927324,0.374261;1733.225789,1318.601259;11
0.874673,0.484714;2281.171962,1311.092865;17
0.937040,0.349222;2239.351616,951.431925;17
0.937040,0.349222;2239.351616,951.431925;17
0.349632,0.936887;500.756183,2499.376843;17
0.927768,0.373157;2142.170207,1440.353236;17
0.927324,0.374261;1972.931552,1160.741743;11
0.771092,0.636724;2098.319354,1629.479689;23
0.937040,0.349222;2271.409521,1098.114575;17
0.937040,0.349222;2271.409521,1098.114575;17
21
29
17
11
11
11
17
11
11
17
29
23
23
29
23
29
17
29
29
17
23
23
